{"fiducials":[{"family":"apriltag3_36h11_classic","id":1,"size":165.1,"transform":[-0.500000,-0.866025,0.000000,6.808972,0.866025,-0.500000,0.000000,-3.859628,0.000000,0.000000,1.000000,1.355852,0.000000,0.000000,0.000000,1.00000],"unique":true},{"family":"apriltag3_36h11_classic","id":2,"size":165.1,"transform":[-0.500000,-0.866025,0.000000,7.914634,0.866025,-0.500000,0.000000,-3.221834,0.000000,0.000000,1.000000,1.355852,0.000000,0.000000,0.000000,1.00000],"unique":true},{"family":"apriltag3_36h11_classic","id":3,"size":165.1,"transform":[-1.000000,-0.000000,0.000000,8.308842,0.000000,-1.000000,0.000000,0.877218,0.000000,0.000000,1.000000,1.451102,0.000000,0.000000,0.000000,1.00000],"unique":true},{"family":"apriltag3_36h11_classic","id":4,"size":165.1,"transform":[-0.999965,0.006421,0.005335,8.307065,-0.006468,-0.999940,-0.008811,1.388847,0.005278,-0.008845,0.999947,1.461762,0.000000,0.000000,0.000000,1.00000],"unique":true},{"family":"apriltag3_36h11_classic","id":5,"size":165.1,"transform":[-0.000000,1.000000,-0.000000,6.430258,-1.000000,-0.000000,0.000000,4.098700,0.000000,0.000000,1.000000,1.355852,0.000000,0.000000,0.000000,1.00000],"unique":true},{"family":"apriltag3_36h11_classic","id":6,"size":165.1,"transform":[-0.000000,1.000000,-0.000000,-6.429000,-1.000000,-0.000000,0.000000,4.098700,0.000000,0.000000,1.000000,1.355852,0.000000,0.000000,0.000000,1.00000],"unique":true},{"family":"apriltag3_36h11_classic","id":7,"size":165.1,"transform":[1.000000,0.000000,0.000000,-8.308600,0.000000,1.000000,0.000000,1.442368,0.000000,0.000000,1.000000,1.451102,0.000000,0.000000,0.000000,1.00000],"unique":true},{"family":"apriltag3_36h11_classic","id":8,"size":165.1,"transform":[1.000000,0.000000,0.000000,-8.308600,0.000000,1.000000,0.000000,0.877218,0.000000,0.000000,1.000000,1.451102,0.000000,0.000000,0.000000,1.00000],"unique":true},{"family":"apriltag3_36h11_classic","id":9,"size":165.1,"transform":[0.500000,-0.866025,0.000000,-7.914392,0.866025,0.500000,0.000000,-3.221834,0.000000,0.000000,1.000000,1.355852,0.000000,0.000000,0.000000,1.00000],"unique":true},{"family":"apriltag3_36h11_classic","id":10,"size":165.1,"transform":[0.500000,-0.866025,0.000000,-6.808984,0.866025,0.500000,0.000000,-3.859628,0.000000,0.000000,1.000000,1.355852,0.000000,0.000000,0.000000,1.00000],"unique":true},{"family":"apriltag3_36h11_classic","id":11,"size":165.1,"transform":[0.500000,0.866025,-0.000000,3.634226,-0.866025,0.500000,0.000000,-0.392274,0.000000,0.000000,1.000000,1.320800,0.000000,0.000000,0.000000,1.00000],"unique":true},{"family":"apriltag3_36h11_classic","id":12,"size":165.1,"transform":[0.500000,-0.866025,0.000000,3.634226,0.866025,0.500000,0.000000,0.392840,0.000000,0.000000,1.000000,1.320800,0.000000,0.000000,0.000000,1.00000],"unique":true},{"family":"apriltag3_36h11_classic","id":13,"size":165.1,"transform":[-1.000000,-0.000000,0.000000,2.949696,0.000000,-1.000000,0.000000,-0.000352,0.000000,0.000000,1.000000,1.320800,0.000000,0.000000,0.000000,1.00000],"unique":true},{"family":"apriltag3_36h11_classic","id":14,"size":165.1,"transform":[1.000000,0.000000,0.000000,-2.949708,0.000000,1.000000,0.000000,-0.000352,0.000000,0.000000,1.000000,1.320800,0.000000,0.000000,0.000000,1.00000],"unique":true},{"family":"apriltag3_36h11_classic","id":15,"size":165.1,"transform":[-0.500000,-0.866025,0.000000,-3.629158,0.866025,-0.500000,0.000000,0.392840,0.000000,0.000000,1.000000,1.320800,0.000000,0.000000,0.000000,1.00000],"unique":true},{"family":"apriltag3_36h11_classic","id":16,"size":165.1,"transform":[-0.500000,0.866025,-0.000000,-3.629158,-0.866025,-0.500000,0.000000,-0.392274,0.000000,0.000000,1.000000,1.320800,0.000000,0.000000,0.000000,1.00000],"unique":true}],"type":"frc"}